Nbody=12;
L=[33.92 44.06 20.17 30.12 20.17 30.12 20.12 20.17 29.24 29.24 8.77 20.91]';
M=10*L;
I=[(M.*L.^2)/12];


    